[gd_scene load_steps=2 format=3 uid="uid://3iay6ji5nbek"]

[ext_resource type="PackedScene" uid="uid://clpoi7ggf0pur" path="res://Map/map.tscn" id="1_80nbo"]

[node name="Game" type="Node3D"]

[node name="DirectionalLight3D" type="DirectionalLight3D" parent="."]
transform = Transform3D(1, 0, 0, 0, 0.5, 0.866025, 0, -0.866025, 0.5, 0, 10, 0)
light_energy = 0.4
shadow_enabled = true

[node name="DirectionalLight3D2" type="DirectionalLight3D" parent="."]
transform = Transform3D(-4.37114e-08, -0.866025, 0.5, 0, 0.5, 0.866025, -1, 3.78552e-08, -2.18557e-08, 0, 10, 0)
light_energy = 0.4
shadow_enabled = true

[node name="DirectionalLight3D3" type="DirectionalLight3D" parent="."]
transform = Transform3D(-1, 7.57103e-08, -4.37114e-08, 0, 0.5, 0.866025, 8.74228e-08, 0.866025, -0.5, 0, 10, 0)
light_energy = 0.4
shadow_enabled = true

[node name="DirectionalLight3D4" type="DirectionalLight3D" parent="."]
transform = Transform3D(-4.37114e-08, 0.866025, -0.5, 0, 0.5, 0.866025, 1, 3.78552e-08, -2.18557e-08, 0, 10, 0)
light_energy = 0.4
shadow_enabled = true

[node name="Map" parent="." instance=ExtResource("1_80nbo")]
data = {
"cells": PackedInt32Array(65534, 65534, 1, 0, 65534, 1, 1, 65534, 1, 2, 65534, 1, 2, 65535, 1, 2, 0, 1, 2, 1, 1, 2, 2, 1, 1, 2, 1, 0, 2, 1, 65535, 2, 1, 65534, 2, 1, 65534, 1, 1, 65534, 0, 1, 65534, 65535, 1, -65538, 2, 1, -65537, 2, 1, -65537, 1, 1, -131072, 1, 1, -131072, 0, 1, -131071, 0, 1, -131071, 65535, 1, -131071, 65534, 1, -131070, 65534, 1, -131070, 65535, 1, -131070, 0, 1, -131070, 1, 1, -131070, 2, 1, -131071, 2, 1, -131072, 2, 1, -131071, 1, 1, -131072, 65535, 1, -65537, 65535, 1, -65537, 0, 1, -65538, 0, 1, -65538, 65535, 1, -65538, 65534, 1, -65538, 1, 1, -65537, 65534, 1, -131072, 65534, 1, -2, 65534, 1, -2, 65535, 1, -2, 0, 1, -2, 1, 1, -2, 2, 1, -1, 2, 1, -65536, 2, 1, -65535, 2, 1, -65534, 2, 1, -65534, 1, 1, -65534, 0, 1, -65534, 65535, 1, -65534, 65534, 1, -65535, 65534, 1, -65536, 65534, 1, -1, 65534, 1, 65538, 65534, 1, 65538, 65535, 1, 65538, 0, 1, 65538, 1, 1, 65538, 2, 1, 65537, 2, 1, 65536, 2, 1, 131071, 2, 1, 131070, 2, 1, 131070, 1, 1, 131070, 0, 1, 131070, 65535, 1, 131070, 65534, 1, 131071, 65534, 1, 65536, 65534, 1, 65537, 65534, 1, 196606, 2, 1, 196607, 2, 1, 131072, 2, 1, 131073, 2, 1, 131073, 65534, 1, 131072, 65534, 1, 196607, 65534, 1, 196606, 65534, 1, 196606, 65535, 1, 196606, 0, 1, 196606, 1, 1, 196607, 1, 1, 131072, 1, 1, 131073, 1, 1, 131073, 0, 1, 131072, 0, 1, 196607, 0, 1, 196607, 65535, 1, 131072, 65535, 1, 131073, 65535, 1, 131074, 65534, 1, 131074, 65535, 1, 131074, 0, 1, 131074, 1, 1, 131074, 2, 1, -1, 0, 0, -65536, 0, 0, -65536, 65535, 0, -1, 65535, 0, 1, 65535, 2, 131071, 0, 0, 65536, 1, 0, 65537, 1, 0, 65537, 0, 0, 65537, 65535, 0, -1, 1, 0, -65535, 65535, 0, -65536, 1, 0, -65535, 1, 0, -65535, 0, 0, 65535, 65534, 1, 65535, 65535, 0, 65535, 1, 3, 0, 65535, 0, 0, 0, 0, 65535, 0, 0, 131071, 1, 0, 65536, 0, 0, 65536, 65535, 0, 131071, 65535, 0)
}
metadata/_editor_floor_ = Vector3(0, 1, 0)
