[gd_scene format=3 uid="uid://bynqkp5rcr2mr"]

[node name="Lighting" type="Node3D"]

[node name="DirectionalLight3D" type="DirectionalLight3D" parent="."]
transform = Transform3D(1, 0, 0, 0, 0.5, 0.866025, 0, -0.866025, 0.5, 0, 10, 0)
light_energy = 0.4
shadow_enabled = true
shadow_opacity = 0.9
sky_mode = 1

[node name="DirectionalLight3D2" type="DirectionalLight3D" parent="."]
transform = Transform3D(-4.37114e-08, -0.866025, 0.5, 0, 0.5, 0.866025, -1, 3.78552e-08, -2.18557e-08, 0, 10, 0)
light_energy = 0.4
shadow_enabled = true
shadow_opacity = 0.9
sky_mode = 1

[node name="DirectionalLight3D3" type="DirectionalLight3D" parent="."]
transform = Transform3D(-1, 7.57104e-08, -4.37114e-08, 0, 0.5, 0.866025, 8.74228e-08, 0.866025, -0.5, 0, 10, 0)
light_energy = 0.4
shadow_enabled = true
shadow_opacity = 0.9
sky_mode = 1

[node name="DirectionalLight3D4" type="DirectionalLight3D" parent="."]
transform = Transform3D(-4.37114e-08, 0.866025, -0.5, 0, 0.5, 0.866025, 1, 3.78552e-08, -2.18557e-08, 0, 10, 0)
light_energy = 0.4
shadow_enabled = true
shadow_opacity = 0.9
sky_mode = 1
